# gfx1151, 20 CUs, duplicated half-wave fragments, grid 40 x 256
# footprint_MB  GB/s  ms_per_pass
           4   614.1    0.0068
           8   717.7    0.0117
          16   730.5    0.0230
          24   786.5    0.0320
          32   583.8    0.0575
          48   229.2    0.2196
          64   230.7    0.2909
          96   231.2    0.4354
         128   234.9    0.5713
         181   236.5    0.8025
         256   236.6    1.1346

# gfx1151, 20 CUs, unique half-wave fragments, grid 40 x 256
# footprint_MB  GB/s  ms_per_pass
           4   577.3    0.0073
           8   670.7    0.0125
          16   731.6    0.0229
          24   901.4    0.0279
          32   940.8    0.0357
          48   233.7    0.2154
          64   233.2    0.2878
          96   239.5    0.4203
         128   239.2    0.5612
         181   240.5    0.7890
         256   238.4    1.1260

# gfx1151, 20 CUs, duplicated half-wave fragments, paired with a 160 KB resident stream, grid 40 x 256
# footprint_MB  GB/s  ms_per_pass
           4   348.6    0.0120
           8   398.3    0.0211
          16   430.3    0.0390
          24   407.9    0.0617
          32   293.6    0.1143
          48   179.9    0.2798
          64   180.4    0.3720
          96   172.3    0.5841
         128   166.7    0.8051
         181   167.5    1.1330
         256   167.4    1.6034
